### General level information ###
AreaCount=2
MarioStart=None,10,10

### Area 1: main ###
Area=main
Flags=water
20 220
underwater
underwater_green
3

# Blocks and Coins
28
block 1 17,136 BLOCK_YELLOW_COIN
block 2 14,161 BLOCK_YELLOW_COIN
block 3 14,162 BLOCK_YELLOW_COIN
block 4 14,163 BLOCK_YELLOW_COIN
block 5 17,14 BLOCK_YELLOW_COIN
block 6 17,135 BLOCK_YELLOW_COIN
block 7 17,15 BLOCK_YELLOW_COIN
block 8 17,134 BLOCK_YELLOW_COIN
block 9 8,26 BLOCK_YELLOW_COIN
block 10 8,27 BLOCK_YELLOW_COIN
block 11 16,137 BLOCK_YELLOW_COIN
block 12 8,28 BLOCK_YELLOW_COIN
block 13 16,133 BLOCK_YELLOW_COIN
block 14 17,35 BLOCK_YELLOW_COIN
block 15 17,36 BLOCK_YELLOW_COIN
block 16 17,37 BLOCK_YELLOW_COIN
block 17 17,161 BLOCK_YELLOW_COIN
block 18 17,163 BLOCK_YELLOW_COIN
block 19 17,162 BLOCK_YELLOW_COIN
block 20 9,114 BLOCK_YELLOW_COIN
block 21 9,113 BLOCK_YELLOW_COIN
block 22 9,112 BLOCK_YELLOW_COIN
block 23 16,101 BLOCK_YELLOW_COIN
block 24 16,103 BLOCK_YELLOW_COIN
block 25 16,102 BLOCK_YELLOW_COIN
block 26 15,67 BLOCK_YELLOW_COIN
block 27 15,68 BLOCK_YELLOW_COIN
block 28 15,69 BLOCK_YELLOW_COIN

# Enemies
0

# Warps
1
12,193 aboveGround,16,3

# Other
0

0 0 0 0 0 0 0 0 0 0 0 0 0 0 0 0 0 0 0 0 0 0 0 0 0 0 0 0 0 0 0 0 0 0 0 0 0 0 0 0 0 0 0 0 0 0 0 0 0 0 0 0 0 0 0 0 0 0 0 0 0 0 0 0 0 0 0 0 0 0 0 0 0 0 0 0 0 0 0 0 0 0 0 0 0 0 0 0 0 0 0 0 0 0 0 0 0 0 0 0 0 0 0 0 0 0 0 0 0 0 0 0 0 0 0 0 0 0 0 0 0 0 0 0 0 0 0 0 0 0 0 0 0 0 0 0 0 0 0 0 0 0 0 0 0 0 0 0 0 0 0 0 0 0 0 0 0 0 0 0 0 0 0 0 0 0 0 0 0 0 0 0 0 0 0 0 0 0 0 0 0 0 0 0 0 0 0 0 0 0 0 0 0 0 0 0 0 0 0 0 0 0 0 0 0 0 0 0 0 0 0 0 0 0 0 0 0 0 0 0
0 0 0 0 0 0 0 0 0 0 0 0 0 0 0 0 0 0 0 0 0 0 0 0 0 0 0 0 0 0 0 0 0 0 0 0 0 0 0 0 0 0 0 0 0 0 0 0 0 0 0 0 0 0 0 0 0 0 0 0 0 0 0 0 0 0 0 0 0 0 0 0 0 0 0 0 0 0 0 0 0 0 0 0 0 0 0 0 0 0 0 0 0 0 0 0 0 0 0 0 0 0 0 0 0 0 0 0 0 0 0 0 0 0 0 0 0 0 0 0 0 0 0 0 0 0 0 0 0 0 0 0 0 0 0 0 0 0 0 0 0 0 0 0 0 0 0 0 0 0 0 0 0 0 0 0 0 0 0 0 0 0 0 0 0 0 0 0 0 0 0 0 0 0 0 0 0 0 0 0 0 0 0 0 0 0 0 0 0 0 0 0 0 0 0 0 0 0 0 0 0 0 0 0 0 0 0 0 0 0 0 0 0 0 0 0 0 0 0 0
0 0 0 0 0 0 0 0 0 0 0 0 0 0 0 0 0 0 0 0 0 0 0 0 0 0 0 0 0 0 0 0 0 0 0 0 0 0 0 0 0 0 0 0 0 0 0 0 0 0 0 0 0 0 0 0 0 0 0 0 0 0 0 0 0 0 0 0 0 0 0 0 0 0 0 0 0 0 0 0 0 0 0 0 0 0 0 0 0 0 0 0 0 0 0 0 0 0 0 0 0 0 0 0 0 0 0 0 0 0 0 0 0 0 0 0 0 0 0 0 0 0 0 0 0 0 0 0 0 0 0 0 0 0 0 0 0 0 0 0 0 0 0 0 0 0 0 0 0 0 0 0 0 0 0 0 0 0 0 0 0 0 0 0 0 0 0 0 0 0 0 0 0 0 0 0 0 0 0 0 0 0 0 0 0 0 0 0 0 0 0 0 0 0 0 0 0 0 0 0 0 0 0 0 0 0 0 0 0 0 0 0 0 0 0 0 0 0 0 0
0 0 0 0 0 0 0 0 0 0 0 0 0 0 0 0 0 0 0 0 0 0 0 0 0 0 0 0 0 0 0 0 0 0 0 0 0 0 0 0 0 0 0 0 0 0 0 0 0 0 0 0 0 0 0 0 0 0 0 0 0 0 0 0 0 0 0 0 0 0 0 0 0 0 0 0 0 0 0 0 0 0 0 0 0 0 0 0 0 0 0 0 0 0 0 0 0 0 0 0 0 0 0 0 0 0 0 0 0 0 0 0 0 0 0 0 0 0 0 0 0 0 0 0 0 0 0 0 0 0 0 0 0 0 0 0 0 0 0 0 0 0 0 0 0 0 0 0 0 0 0 0 0 0 0 0 0 0 0 0 0 0 0 0 0 0 0 0 0 0 0 0 0 0 0 0 0 0 0 0 0 0 0 0 0 0 0 0 0 0 0 0 0 0 0 0 0 0 0 0 0 0 0 0 0 0 0 0 0 0 0 0 0 0 0 0 0 0 0 0
0 0 0 0 0 0 0 0 0 0 0 0 0 0 0 0 0 0 0 0 0 0 0 0 0 0 0 0 0 0 0 0 0 0 0 0 0 0 0 0 0 0 0 0 0 0 0 0 0 0 0 0 0 0 0 0 0 0 0 0 0 0 0 0 0 0 0 0 0 0 0 0 0 0 0 0 0 0 0 0 0 0 0 0 0 0 0 0 0 0 0 0 0 0 0 0 0 0 0 0 0 0 0 0 0 0 0 0 0 0 0 0 0 0 0 0 0 0 0 0 0 0 0 0 0 0 0 0 0 0 0 0 0 0 0 0 0 0 0 0 0 0 0 0 0 0 0 0 0 0 0 0 0 0 0 0 0 0 0 0 0 0 0 0 0 0 0 0 0 0 0 0 0 0 0 0 0 0 0 0 0 0 0 0 0 0 0 0 0 0 0 0 0 0 0 0 0 0 0 0 0 0 0 0 0 0 0 0 0 0 0 0 0 0 0 0 0 0 0 0
0 0 0 0 0 0 0 0 0 0 0 0 0 0 0 0 0 0 0 0 0 0 0 0 0 0 0 0 0 0 0 0 0 0 0 0 0 0 0 0 0 0 0 0 0 0 0 0 0 0 0 0 0 0 0 0 0 0 0 0 0 0 0 0 0 0 0 0 0 0 0 0 0 0 0 0 0 0 0 4096 4608 0 0 0 0 0 0 0 0 0 0 0 0 0 0 0 0 0 0 0 0 0 0 0 0 0 0 0 0 0 0 0 0 0 0 0 0 0 0 0 0 0 0 0 0 0 0 0 0 0 0 0 0 0 0 0 0 0 0 0 0 0 0 0 0 0 0 0 0 0 0 0 0 0 0 0 0 0 0 0 0 0 0 0 0 0 0 0 0 0 0 0 0 0 0 0 0 0 0 0 0 0 0 0 0 0 0 0 0 0 0 0 4096 4352 4352 4352 4352 4352 4352 4352 4352 4352 4352 4352 4352 4352 4352 4352 4352 4352 0 0 0 0 0 0 0 0 0 0
0 0 0 0 0 0 0 0 0 0 0 0 0 0 0 0 0 0 0 0 0 0 0 0 0 0 0 0 0 0 0 0 0 0 0 0 0 0 0 0 0 0 0 0 0 0 0 0 0 0 0 0 0 0 0 0 0 0 0 0 0 0 0 0 0 0 0 0 0 0 0 0 0 0 0 0 0 0 0 4096 4608 0 0 0 0 0 0 0 0 0 0 0 0 0 0 0 0 0 0 0 0 0 0 0 0 0 0 0 0 0 0 0 0 0 0 0 0 0 0 0 0 0 0 0 0 0 0 0 0 0 0 0 0 0 0 0 0 0 0 0 0 0 0 0 0 0 0 0 0 0 0 0 0 0 0 0 0 0 0 0 0 0 0 0 0 0 0 0 0 0 0 0 0 0 0 0 0 0 0 0 0 0 0 0 0 0 0 0 0 0 0 0 4096 4352 4352 4352 4352 4352 4352 4352 4352 4352 4352 4352 4352 4352 4352 4352 4352 4352 0 0 0 0 0 0 0 0 0 0
0 0 0 0 0 0 0 0 0 0 0 0 0 0 0 0 0 0 0 0 0 0 0 0 0 0 0 0 0 0 0 0 0 0 0 0 0 0 0 0 0 0 0 0 0 0 0 0 0 0 0 0 0 0 0 0 0 0 0 0 0 0 0 0 0 0 0 0 0 0 0 0 0 0 0 0 0 0 0 4096 4608 0 0 0 0 0 0 0 0 0 0 0 0 0 0 0 0 0 0 0 0 0 0 0 0 0 0 0 0 0 0 0 0 0 0 0 0 0 0 0 0 0 0 0 0 0 0 0 0 0 0 0 0 0 0 0 0 0 0 0 0 0 0 0 0 0 0 0 0 0 0 0 0 0 0 0 0 0 0 0 0 0 0 0 0 0 0 0 0 0 0 0 0 0 0 0 11008 0 0 0 0 0 0 0 0 0 0 0 0 0 0 0 4096 4352 4352 4352 4352 4352 4352 4352 4352 4352 4352 4352 4352 4352 4352 4352 4352 4352 0 0 0 0 0 0 0 0 0 0
0 0 0 0 0 0 0 0 0 0 0 0 0 0 0 0 0 0 0 0 0 0 0 0 0 0 0 0 0 0 0 0 0 0 0 0 0 0 0 0 0 0 0 0 0 0 0 0 0 0 0 0 0 0 0 0 0 0 0 0 0 0 0 0 0 0 0 0 0 0 0 0 0 0 0 0 0 0 0 4096 4608 0 0 0 0 0 0 0 0 0 0 0 0 0 0 0 0 0 0 0 0 0 0 0 0 0 0 0 0 0 0 0 0 0 0 0 0 0 0 0 0 0 0 0 0 0 0 0 0 0 0 0 0 0 0 0 0 0 0 0 0 0 0 0 0 0 0 0 0 0 0 0 0 0 0 0 0 0 0 0 0 0 0 0 0 0 0 0 0 0 0 0 0 0 0 256 512 512 512 768 0 0 0 256 512 512 768 0 0 0 0 0 4096 4352 4352 4352 4352 4352 4352 4352 4352 4352 4352 4352 4352 4352 4352 4352 4352 4352 0 0 0 0 0 0 0 0 0 0
0 0 0 0 0 0 0 0 0 0 0 0 0 0 0 0 0 0 0 0 0 0 0 0 0 0 0 0 0 0 0 0 0 0 0 0 0 0 0 0 0 0 0 0 0 0 0 0 0 0 0 0 0 0 0 0 0 0 0 0 0 0 0 0 0 0 0 0 0 0 0 0 0 0 0 0 0 0 0 4096 4608 0 0 0 0 0 0 0 0 0 0 0 0 0 0 0 0 0 0 0 0 0 0 0 0 0 0 0 0 0 0 0 0 0 0 0 0 0 0 0 0 0 0 0 0 0 0 0 0 0 0 0 0 0 0 0 0 0 0 0 0 0 0 0 0 0 0 0 0 0 0 0 0 0 0 0 0 256 512 512 768 0 0 0 256 512 512 768 0 0 0 0 0 0 0 7936 8192 8192 8192 8448 0 0 0 7936 8192 8192 8448 0 0 0 0 0 7936 8192 13312 4352 4352 4352 4352 4352 4352 4352 4352 4352 4352 4352 4352 4352 4352 4352 0 0 0 0 0 0 0 0 0 0
0 0 0 0 0 0 0 0 0 0 0 0 0 0 0 0 0 0 0 0 0 0 0 0 0 0 0 0 0 0 0 0 0 0 0 0 0 0 0 0 0 0 0 0 0 0 0 0 0 0 0 0 0 0 0 0 0 0 0 0 0 0 0 0 0 0 0 0 0 0 0 0 0 0 0 0 0 0 0 7936 8448 0 0 0 11264 0 0 0 0 0 0 0 0 0 0 0 0 0 0 0 0 0 0 0 0 0 0 0 0 0 0 0 0 0 0 0 0 0 0 0 0 0 0 0 0 0 0 0 0 0 0 0 0 0 0 0 0 0 0 0 0 0 0 0 0 0 0 0 0 0 0 0 0 0 0 0 0 4096 13056 8192 8448 0 0 0 7936 8192 13312 4608 0 0 0 0 0 0 0 0 0 0 0 0 0 0 0 0 0 0 0 0 0 0 0 0 0 0 4096 4352 4352 4352 4352 4352 4352 4352 4352 4352 4352 4352 4352 4352 4352 4352 0 0 0 0 0 0 0 0 0 0
0 0 0 0 0 0 0 0 0 0 0 0 0 0 0 0 0 0 0 0 0 0 0 0 0 0 0 0 0 0 0 0 0 0 0 0 0 0 0 0 0 0 0 0 0 0 0 0 0 0 0 0 0 0 0 0 0 0 0 0 0 0 0 0 0 0 0 0 0 0 0 0 0 0 0 0 0 0 0 0 0 0 0 256 512 768 0 0 0 0 0 0 0 0 0 0 0 0 0 0 0 0 11264 0 0 0 0 0 0 0 0 0 0 0 256 768 0 0 0 0 0 0 0 0 0 0 0 0 0 0 0 0 0 0 0 0 0 0 0 0 0 0 0 0 0 0 0 0 0 0 0 0 0 0 0 0 0 4096 4608 0 0 0 0 0 0 0 4096 4608 0 0 0 0 0 0 0 0 0 0 0 0 0 0 0 0 0 0 0 0 0 0 0 0 0 39680 4096 4352 4352 4352 4352 4352 4352 4352 4352 4352 4352 4352 4352 4352 4352 4352 0 0 0 0 0 0 0 0 0 0
0 0 0 0 0 0 0 0 0 0 0 0 0 0 0 0 0 256 512 768 0 0 0 0 0 0 0 0 0 0 0 0 0 0 0 0 0 0 0 0 0 256 768 0 0 0 0 0 0 0 0 0 0 0 0 0 0 0 0 0 0 0 0 0 0 0 0 0 0 0 0 0 0 0 0 0 0 0 0 0 0 0 0 7936 8192 8448 0 0 0 0 0 0 0 0 0 0 0 0 0 0 0 0 256 768 0 0 0 0 0 0 0 0 0 0 7936 8448 0 0 0 0 0 0 0 0 0 0 0 0 0 0 0 0 0 0 0 0 0 0 0 0 0 0 0 0 0 0 0 0 0 0 0 0 0 0 0 0 0 4096 4608 0 0 0 0 0 0 0 4096 4608 0 0 0 0 0 0 0 0 0 0 0 0 0 0 0 0 0 0 0 0 0 0 0 0 0 43520 4096 4352 4352 4352 4352 4352 4352 4352 4352 4352 4352 4352 4352 4352 4352 4352 0 0 0 0 0 0 0 0 0 0
0 0 0 0 0 0 0 0 0 0 0 0 0 0 0 0 0 7936 8192 8448 0 0 0 0 0 0 0 0 0 0 0 0 0 0 0 0 0 0 0 0 0 7936 8448 0 0 0 0 0 0 0 0 0 0 0 0 0 0 0 0 0 0 0 0 0 256 768 0 0 0 0 0 256 768 0 0 0 0 0 0 0 0 0 0 0 0 0 0 0 0 0 0 0 0 0 0 0 0 0 0 0 0 0 7936 8448 0 0 0 0 0 0 0 0 0 0 0 0 0 0 0 0 0 0 0 0 0 0 0 0 0 0 0 0 0 0 0 0 0 0 0 0 0 0 0 0 0 0 0 0 0 0 0 0 0 0 0 0 0 4096 4608 0 0 0 0 0 0 0 4096 4608 0 0 0 0 0 0 0 256 512 512 512 768 0 0 0 256 512 512 768 0 0 0 0 0 256 512 17152 4352 4352 4352 4352 4352 4352 4352 4352 4352 4352 4352 4352 4352 4352 4352 0 0 0 0 0 0 0 0 0 0
0 0 0 0 0 0 0 0 0 0 0 0 0 0 0 0 0 0 0 0 0 0 0 0 0 0 0 0 0 0 0 0 0 0 0 0 0 0 0 0 0 0 0 0 0 0 0 0 0 0 0 0 0 0 0 0 0 0 0 0 0 0 0 0 4096 4608 0 0 0 0 0 4096 4608 0 0 0 0 0 0 0 0 0 0 0 0 0 0 0 0 0 0 0 0 0 0 0 0 0 0 0 0 0 0 0 0 0 0 0 0 0 0 0 0 0 0 0 0 0 0 0 0 0 0 0 0 0 0 0 256 768 0 0 0 0 0 0 0 0 0 0 0 256 768 0 0 0 0 0 0 0 0 0 0 0 0 0 0 4096 4608 0 0 0 0 0 0 0 4096 4608 0 0 0 0 0 0 0 7936 8192 8192 8192 8448 0 0 0 7936 8192 8192 8448 0 0 0 0 256 17152 4352 4352 4352 4352 4352 4352 4352 4352 4352 4352 4352 4352 4352 4352 4352 4352 4352 0 0 0 0 0 0 0 0 0 0
0 0 0 0 0 0 0 0 0 0 0 0 0 0 0 0 0 0 0 0 0 0 0 0 0 0 0 0 0 0 0 0 0 0 0 0 0 0 0 0 0 0 0 0 0 0 0 0 0 0 0 0 0 0 0 0 0 0 0 0 0 0 0 256 17152 4608 0 0 0 0 0 4096 16896 768 0 0 0 0 0 256 768 0 0 0 0 0 0 0 0 0 0 0 0 0 0 0 0 0 0 0 0 0 0 0 0 0 0 0 0 0 0 0 0 0 0 0 0 0 0 0 0 0 0 0 0 0 0 0 4096 4608 0 0 0 0 0 0 0 0 0 0 0 4096 4608 0 0 0 0 0 0 0 0 0 0 0 0 0 0 4096 4608 0 0 0 0 0 0 0 4096 4608 0 0 0 0 0 0 0 0 0 0 0 0 0 0 0 0 0 0 0 0 0 0 256 17152 4352 4352 4352 4352 4352 4352 4352 4352 4352 4352 4352 4352 4352 4352 4352 4352 4352 4352 4352 0 0 0 0 0 0 0 0 0
0 0 0 0 0 0 0 0 0 0 0 0 0 0 0 0 0 0 0 0 0 0 0 0 0 0 0 0 0 0 0 0 0 0 0 0 0 0 0 0 0 0 0 0 0 0 0 0 0 0 0 0 0 0 0 0 0 0 0 0 0 0 0 4096 4352 4608 0 0 0 0 0 4096 4352 4608 0 0 0 0 0 4096 4608 0 0 0 0 0 0 0 0 0 0 0 0 0 0 0 0 0 0 0 0 0 0 0 0 0 0 0 0 0 0 0 0 0 0 0 0 0 0 0 0 0 0 0 0 0 0 0 4096 16896 768 0 0 0 0 0 0 0 0 0 256 17152 4608 0 0 0 0 0 0 0 0 0 0 0 0 0 0 4096 4608 0 0 0 0 0 0 0 4096 4608 0 0 0 0 0 0 0 0 0 0 0 0 0 0 0 0 0 0 0 0 0 256 17152 4352 4352 4352 4352 4352 4352 4352 4352 4352 4352 4352 4352 4352 4352 4352 4352 4352 4352 4352 4352 0 0 0 0 0 0 0 0 0
0 0 0 0 0 0 0 0 0 0 0 4352 0 0 0 0 0 0 0 0 0 0 0 0 0 0 0 0 0 0 0 0 512 0 0 0 0 0 0 0 0 0 0 0 0 0 0 0 0 512 0 0 0 0 0 0 0 0 0 0 0 0 0 4096 4352 4608 0 0 0 0 0 4096 4352 4608 0 0 0 0 0 4096 4608 0 0 0 0 0 0 0 0 0 11264 0 0 0 0 0 0 0 0 0 0 0 0 0 0 0 0 0 0 0 0 0 0 0 0 0 0 0 0 11264 0 0 0 0 0 0 0 0 4096 4352 4608 0 0 0 0 0 0 0 0 0 4096 4352 4608 0 0 0 0 0 11520 0 11520 0 0 0 0 0 0 4096 4608 0 0 0 0 0 0 0 4096 4608 0 0 0 0 0 0 0 0 0 0 0 0 0 0 0 0 0 0 0 0 256 17152 4352 4352 4352 4352 4352 4352 4352 4352 4352 4352 4352 4352 4352 4352 4352 4352 4352 4352 4352 4352 4352 0 0 0 0 0 0 0 0 0
512 512 512 512 512 512 512 512 512 512 512 512 512 512 512 512 512 512 512 512 512 512 512 512 512 512 512 512 512 512 512 512 512 512 512 512 512 512 512 512 512 512 512 512 512 512 512 512 512 512 512 512 512 512 512 512 512 512 512 512 512 512 512 17152 4352 4608 0 0 0 0 0 4096 4352 16896 512 512 512 512 512 17152 16896 512 512 512 512 512 512 512 512 512 512 512 512 512 512 512 512 512 512 512 512 512 512 512 512 512 512 512 512 512 512 512 512 512 512 512 512 512 512 512 512 512 512 512 512 512 512 512 17152 4352 4608 0 0 0 0 0 0 0 0 0 4096 4352 16896 512 512 512 512 512 512 512 512 512 512 512 512 512 512 17152 4608 0 0 0 0 0 0 0 4096 16896 512 512 512 512 512 512 512 512 512 512 512 512 512 512 512 512 512 512 512 512 17152 4352 4352 4352 4352 4352 4352 4352 4352 4352 4352 4352 4352 4352 4352 4352 4352 4352 4352 4352 4352 4352 4352 0 0 0 0 0 0 0 0 0
4352 4352 4352 4352 4352 4352 4352 4352 4352 4352 4352 4352 4352 4352 4352 4352 4352 4352 4352 4352 4352 4352 4352 4352 4352 4352 4352 4352 4352 4352 4352 4352 4352 4352 4352 4352 4352 4352 4352 4352 4352 4352 4352 4352 4352 4352 4352 4352 4352 4352 4352 4352 4352 4352 4352 4352 4352 4352 4352 4352 4352 4352 4352 4352 4352 4608 0 0 0 0 0 4096 4352 4352 4352 4352 4352 4352 4352 4352 4352 4352 4352 4352 4352 4352 4352 4352 4352 4352 4352 4352 4352 4352 4352 4352 4352 4352 4352 4352 4352 4352 4352 4352 4352 4352 4352 4352 4352 4352 4352 4352 4352 4352 4352 4352 4352 4352 4352 4352 4352 4352 4352 4352 4352 4352 4352 4352 4352 4352 4608 0 0 0 0 0 0 0 0 0 4096 4352 4352 4352 4352 4352 4352 4352 4352 4352 4352 4352 4352 4352 4352 4352 4352 4352 4608 0 0 0 0 0 0 0 4096 4352 4352 4352 4352 4352 4352 4352 4352 4352 4352 4352 4352 4352 4352 4352 4352 4352 4352 4352 4352 4352 4352 4352 4352 4352 4352 4352 4352 4352 4352 4352 4352 4352 4352 4352 4352 4352 4352 4352 4352 4352 4352 4352 4352 0 0 0 0 0 0 0 0 0

### Area 2: aboveGround ###
Area=aboveGround
Flags=
20 45
green_stuff
ground_brown
1

# Blocks and Coins
44
block 1 12,13 BLOCK_SOLID_BROWN
block 2 12,12 BLOCK_SOLID_BROWN
block 3 17,6 BLOCK_SOLID_BROWN
block 4 17,7 BLOCK_SOLID_BROWN
block 5 12,11 BLOCK_SOLID_BROWN
block 6 17,5 BLOCK_SOLID_BROWN
block 7 12,10 BLOCK_SOLID_BROWN
block 8 17,10 BLOCK_SOLID_BROWN
block 9 17,11 BLOCK_SOLID_BROWN
block 10 17,8 BLOCK_SOLID_BROWN
block 11 17,9 BLOCK_SOLID_BROWN
block 12 17,12 BLOCK_SOLID_BROWN
block 13 17,13 BLOCK_SOLID_BROWN
block 14 13,12 BLOCK_SOLID_BROWN
block 15 13,13 BLOCK_SOLID_BROWN
block 16 16,7 BLOCK_SOLID_BROWN
block 17 13,9 BLOCK_SOLID_BROWN
block 18 16,6 BLOCK_SOLID_BROWN
block 19 13,10 BLOCK_SOLID_BROWN
block 20 13,11 BLOCK_SOLID_BROWN
block 21 16,11 BLOCK_SOLID_BROWN
block 22 16,10 BLOCK_SOLID_BROWN
block 23 16,9 BLOCK_SOLID_BROWN
block 24 16,8 BLOCK_SOLID_BROWN
block 25 16,13 BLOCK_SOLID_BROWN
block 26 16,12 BLOCK_SOLID_BROWN
block 27 14,13 BLOCK_SOLID_BROWN
block 28 14,12 BLOCK_SOLID_BROWN
block 29 14,11 BLOCK_SOLID_BROWN
block 30 14,10 BLOCK_SOLID_BROWN
block 31 14,9 BLOCK_SOLID_BROWN
block 32 10,13 BLOCK_SOLID_BROWN
block 33 14,8 BLOCK_SOLID_BROWN
block 34 10,12 BLOCK_SOLID_BROWN
block 35 11,11 BLOCK_SOLID_BROWN
block 36 15,12 BLOCK_SOLID_BROWN
block 37 15,13 BLOCK_SOLID_BROWN
block 38 15,10 BLOCK_SOLID_BROWN
block 39 15,11 BLOCK_SOLID_BROWN
block 40 15,8 BLOCK_SOLID_BROWN
block 41 11,12 BLOCK_SOLID_BROWN
block 42 15,9 BLOCK_SOLID_BROWN
block 43 11,13 BLOCK_SOLID_BROWN
block 44 15,7 BLOCK_SOLID_BROWN

# Enemies
1
16,3 piranha_plant up

# Warps
0

# Other
1
17,22 goal

0 0 0 0 0 0 0 0 0 0 0 0 0 0 0 0 0 0 0 0 0 0 0 0 0 0 0 0 0 0 0 0 0 0 0 0 0 0 0 0 0 0 0 0 0
0 0 0 0 0 0 0 0 0 0 0 0 0 0 0 0 0 0 0 0 0 0 0 0 0 0 0 0 0 0 0 0 0 0 0 0 0 0 0 0 0 0 0 0 0
0 0 0 0 0 0 0 0 0 0 0 0 0 0 0 0 0 0 0 0 0 0 0 0 0 0 0 0 0 0 0 0 0 0 0 0 0 0 0 0 0 0 0 0 0
0 0 0 0 0 0 0 0 0 0 0 0 0 0 0 0 0 0 0 0 0 0 0 0 0 0 0 0 0 0 0 0 0 0 0 0 0 0 0 0 0 0 0 0 0
0 0 0 0 0 0 0 0 0 0 0 0 0 0 0 0 0 0 0 0 0 0 0 0 0 0 0 0 0 0 0 0 0 0 0 0 0 0 0 0 0 0 0 0 0
0 0 0 0 0 0 0 0 0 0 0 0 0 0 0 0 0 0 0 0 0 0 0 0 0 0 0 0 0 0 0 0 0 0 0 0 0 0 0 0 0 0 0 0 0
0 0 0 0 0 0 0 0 0 0 0 0 0 0 0 0 0 0 0 0 0 0 0 0 0 0 0 0 0 0 0 0 0 0 0 0 0 0 0 0 0 0 0 0 0
0 0 0 0 0 0 0 0 0 0 0 0 0 0 0 0 0 0 0 0 0 0 0 0 0 0 0 0 0 0 0 0 0 0 0 0 0 0 0 0 0 0 0 0 0
0 0 0 0 0 0 0 0 0 0 0 0 0 0 0 0 0 0 0 0 0 0 0 0 0 0 0 0 0 0 0 0 0 0 0 0 0 0 0 0 0 0 0 0 0
0 0 0 0 0 0 0 0 0 0 0 0 0 0 0 0 0 0 0 0 0 0 0 0 0 0 0 0 0 0 0 0 0 0 0 0 0 0 0 0 0 0 0 0 0
0 0 0 0 0 0 0 0 0 0 0 0 0 0 0 0 0 0 0 0 0 0 0 0 0 0 0 0 0 0 0 0 0 0 0 0 0 0 0 0 0 0 0 0 0
0 0 0 0 0 0 0 0 0 0 0 0 0 0 0 0 0 0 0 0 0 0 0 0 0 0 0 0 0 0 0 0 0 0 0 0 0 0 0 0 0 0 0 0 0
0 0 0 0 0 0 0 0 0 0 0 0 0 0 0 0 0 0 0 0 0 0 0 0 0 0 0 0 0 0 0 0 0 0 0 0 0 0 0 0 0 0 0 0 0
0 0 0 0 0 0 0 0 0 0 0 0 0 0 0 0 0 0 0 0 0 0 0 0 0 0 0 0 0 0 0 0 0 0 0 0 0 0 0 0 0 0 0 0 0
0 0 0 0 0 0 0 0 0 0 0 0 0 0 0 0 0 0 0 0 0 0 0 0 0 0 0 0 0 0 0 0 0 0 0 0 0 0 0 0 0 0 0 0 0
0 0 0 0 0 0 0 0 0 0 0 0 0 0 0 0 0 0 0 0 0 0 0 0 0 0 0 0 0 0 0 0 0 0 0 0 0 0 0 0 0 0 0 0 0
0 0 0 32000 32256 0 0 0 0 0 0 0 0 0 0 0 0 0 0 0 0 0 0 0 0 0 0 0 0 0 0 0 0 0 0 0 0 0 0 0 0 0 0 0 0
0 0 0 35840 36096 0 0 0 0 0 0 0 0 0 0 0 20736 20992 21248 21504 22272 0 0 0 0 0 0 0 0 0 0 0 0 0 0 0 0 0 0 0 0 0 0 0 0
512 512 512 512 512 512 512 512 512 512 512 512 512 512 512 512 512 512 512 512 512 512 512 512 512 512 512 512 512 512 512 512 512 512 512 512 512 512 512 512 512 512 512 512 512
4352 4352 4352 4352 4352 4352 4352 4352 4352 4352 4352 4352 4352 4352 4352 4352 4352 4352 4352 4352 4352 4352 4352 4352 4352 4352 4352 4352 4352 4352 4352 4352 4352 4352 4352 4352 4352 4352 4352 4352 4352 4352 4352 4352 4352
