### General level information ###
AreaCount=1
MarioStart=None,9,1

### Area 1: main ###
Area=main
Flags=
20 190
castle
castle_gray
4

# Blocks and Coins
43
block 1 18,53 BLOCK_SOLID_BROWN
block 2 13,87 BLOCK_SOLID_BROWN
block 3 14,60 BLOCK_SOLID_BROWN
block 4 13,73 BLOCK_SOLID_BROWN
block 5 15,161 BLOCK_SOLID_BROWN
block 6 15,160 BLOCK_SOLID_BROWN
block 7 15,110 BLOCK_SOLID_BROWN
block 8 15,162 BLOCK_SOLID_BROWN
block 9 9,67 BLOCK_SOLID_BROWN
block 10 15,150 BLOCK_SOLID_BROWN
block 11 15,151 BLOCK_SOLID_BROWN
block 12 14,73 BLOCK_SOLID_BROWN
block 13 13,121 BLOCK_YELLOW_COIN
block 14 15,148 BLOCK_SOLID_BROWN
block 15 13,60 BLOCK_SOLID_BROWN
block 16 13,120 BLOCK_YELLOW_COIN
block 17 15,149 BLOCK_SOLID_BROWN
block 18 18,80 BLOCK_SOLID_BROWN
block 19 15,146 BLOCK_SOLID_BROWN
block 20 15,147 BLOCK_SOLID_BROWN
block 21 15,158 BLOCK_SOLID_BROWN
block 22 15,159 BLOCK_SOLID_BROWN
block 23 15,156 BLOCK_SOLID_BROWN
block 24 15,157 BLOCK_SOLID_BROWN
block 25 15,154 BLOCK_SOLID_BROWN
block 26 16,120 BLOCK_QUESTION coin1,visible
block 27 13,119 BLOCK_YELLOW_COIN
block 28 15,155 BLOCK_SOLID_BROWN
block 29 15,152 BLOCK_SOLID_BROWN
block 30 15,153 BLOCK_SOLID_BROWN
block 31 10,147 BLOCK_YELLOW
block 32 10,146 BLOCK_YELLOW
block 33 10,95 BLOCK_SOLID_BROWN
block 34 17,119 BLOCK_YELLOW_COIN
block 35 10,151 BLOCK_YELLOW
block 36 10,150 BLOCK_YELLOW
block 37 10,149 BLOCK_YELLOW
block 38 18,67 BLOCK_SOLID_BROWN
block 39 10,148 BLOCK_YELLOW
block 40 6,29 BLOCK_QUESTION fireflower,visible
block 41 17,121 BLOCK_YELLOW_COIN
block 42 14,87 BLOCK_SOLID_BROWN
block 43 17,120 BLOCK_YELLOW_COIN

# Enemies
8
0,102 moving_platform
8,102 moving_platform
16,102 moving_platform
4,107 moving_platform
12,107 moving_platform
14,160 bowser
13,163 axe
17,180 toad

# Warps
0

# Other
9
13,60 firestick
14,60 firestick
9,67 firestick
13,73 firestick
14,73 firestick
13,87 firestick
14,87 firestick
10,95 firestick
15,110 firestick

50432 50432 50432 50432 50432 50432 50432 50432 50432 50432 50432 50432 50432 50432 50432 50432 50432 50432 50688 0 0 0 0 0 0 0 0 0 0 0 0 0 0 0 0 0 0 0 0 0 0 0 0 50176 50432 50432 50432 50432 50432 50432 50432 50432 50432 50432 50432 50432 50432 50432 50432 50432 50432 50432 50432 50432 50432 50432 50432 50432 50432 50432 50432 50432 50432 50432 50432 50432 50432 50432 50432 50432 50432 50432 50432 50432 50432 50432 50432 50432 50432 50432 50432 50432 50432 50432 50432 50688 0 0 0 0 0 0 0 0 0 0 0 0 0 0 0 50176 50432 50432 50432 50432 50688 0 0 0 0 0 0 0 0 0 0 0 0 0 0 0 50176 50432 50432 50432 50432 50432 50432 50432 50432 50432 50432 50432 50432 50432 50432 50432 50432 50432 50432 50432 50432 50432 50432 50432 50432 50432 50432 50432 50432 50432 50432 50432 50432 50432 50432 50432 50432 50432 50432 50432 50432 50432 50432 50432 50432 50432 50432 50432 50432 50432 50432 50432 50432 50432 50432 50432 50432 50432
50432 50432 50432 50432 50432 50432 50432 50432 50432 50432 50432 50432 50432 50432 50432 50432 50432 50432 50688 0 0 0 0 0 0 0 0 0 0 0 0 0 0 0 0 0 0 0 0 0 0 0 0 50176 50432 50432 50432 50432 50432 50432 50432 50432 50432 50432 50432 50432 50432 50432 50432 50432 50432 50432 50432 50432 50432 50432 50432 50432 50432 50432 50432 50432 50432 50432 50432 50432 50432 50432 50432 50432 50432 50432 50432 50432 50432 50432 50432 50432 50432 50432 50432 50432 50432 50432 50432 50688 0 0 0 0 0 0 0 0 0 0 0 0 0 0 0 50176 50432 50432 50432 50432 50688 0 0 0 0 0 0 0 0 0 0 0 0 0 0 0 50176 50432 50432 50432 50432 50432 50432 50432 50432 50432 50432 50432 50432 50432 50432 50432 50432 50432 50432 50432 50432 50432 50432 50432 50432 50432 50432 50432 50432 50432 50432 50432 50432 50432 50432 50432 50432 50432 50432 50432 50432 50432 50432 50432 50432 50432 50432 50432 50432 50432 50432 50432 50432 50432 50432 50432 50432 50432
50432 50432 50432 50432 50432 50432 50432 50432 50432 50432 50432 50432 50432 50432 50432 50432 50432 50432 50688 0 0 0 0 0 0 0 0 0 0 0 0 0 0 0 0 0 0 0 0 0 0 0 0 50176 50432 50432 50432 50432 50432 50432 50432 50432 50432 50432 50432 50432 50432 50432 50432 50432 50432 50432 50432 50432 50432 50432 50432 50432 50432 50432 50432 50432 50432 50432 50432 50432 50432 50432 50432 50432 50432 50432 50432 50432 50432 50432 50432 50432 50432 50432 50432 50432 50432 50432 50432 50688 0 0 0 0 0 0 0 0 0 0 0 0 0 0 0 50176 50432 50432 50432 50432 50688 0 0 0 0 0 0 0 0 0 0 0 0 0 0 0 50176 50432 50432 50432 50432 50432 50432 50432 50432 50432 50432 50432 50432 50432 50432 50432 50432 50432 50432 50432 50432 50432 50432 50432 50432 50432 50432 50432 50432 50432 50432 50432 50432 50432 50432 50432 50432 50432 50432 50432 50432 50432 50432 50432 50432 50432 50432 50432 50432 50432 50432 50432 50432 50432 50432 50432 50432 50432
50432 50432 50432 50432 50432 50432 50432 50432 50432 50432 50432 50432 50432 50432 50432 50432 50432 50432 50688 0 0 0 0 0 0 0 0 0 0 0 0 0 0 0 0 0 0 0 0 0 0 0 0 50176 50432 50432 50432 50432 50432 50432 50432 50432 50432 50432 50432 50432 50432 50432 50432 50432 50432 50432 50432 50432 50432 50432 50432 50432 50432 50432 50432 50432 50432 50432 50432 50432 50432 50432 50432 50432 50432 50432 50432 50432 50432 50432 50432 50432 50432 50432 50432 50432 50432 50432 50432 50688 0 0 0 0 0 0 0 0 0 0 0 0 0 0 0 50176 50432 50432 50432 50432 50688 0 0 0 0 0 0 0 0 0 0 0 0 0 0 0 50176 50432 50432 50432 50432 50432 50432 50432 50432 50432 50432 50432 50432 50432 50432 50432 50432 50432 50432 50432 50432 50432 50432 50432 50432 50432 50432 50432 50432 50432 50432 50432 50432 50432 50432 50432 50432 50432 50432 50432 50432 50432 50432 50432 50432 50432 50432 50432 50432 50432 50432 50432 50432 50432 50432 50432 50432 50432
50432 50432 50432 50432 50432 50432 50432 50432 50432 50432 50432 50432 50432 50432 50432 50432 50432 50432 50688 0 0 0 0 0 0 0 0 0 0 0 0 0 0 0 0 0 0 0 0 0 0 0 0 50176 50432 50432 50432 50432 50432 50432 50432 50432 50432 50432 50432 50432 50432 50432 50432 50432 50432 50432 50432 50432 50432 50432 50432 50432 50432 50432 50432 50432 50432 50432 50432 50432 50432 50432 50432 50432 50432 50432 50432 50432 50432 50432 50432 50432 50432 50432 50432 50432 50432 50432 50432 50688 0 0 0 0 0 0 0 0 0 0 0 0 0 0 0 50176 50432 50432 50432 50432 50688 0 0 0 0 0 0 0 0 0 0 0 0 0 0 0 50176 50432 50432 50432 50432 50432 50432 50432 50432 50432 50432 50432 50432 50432 50432 50432 50432 50432 50432 50432 50432 50432 50432 50432 50432 50432 50432 50432 50432 50432 50432 50432 50432 50432 50432 50432 50432 50432 50432 50432 50432 50432 50432 50432 50432 50432 50432 50432 50432 50432 50432 50432 50432 50432 50432 50432 50432 50432
50432 50432 50432 50432 50432 50432 50432 50432 50432 50432 50432 50432 50432 50432 50432 50432 50432 50432 50688 0 0 0 0 0 0 0 0 0 0 0 0 0 0 0 0 0 0 0 0 0 0 0 0 50176 50432 50432 50432 50432 50432 50432 50432 50432 50432 50432 50432 50432 50432 50432 50432 50432 50432 50432 50432 50432 50432 50432 50432 50432 50432 50432 50432 50432 50432 50432 50432 50432 50432 50432 50432 50432 50432 50432 50432 50432 50432 50432 50432 50432 50432 50432 50432 50432 50432 50432 50432 50688 0 0 0 0 0 0 0 0 0 0 0 0 0 0 0 50176 50432 50432 50432 50432 50688 0 0 0 0 0 0 0 0 0 0 0 0 0 0 0 50176 50432 50432 50432 50432 50432 50432 50432 50432 50432 50432 50432 50432 50432 50432 50432 50432 50432 50432 50432 50432 50432 50432 50432 50432 50432 50432 50432 50432 50432 50432 50432 50432 50432 50432 50432 50432 50432 50432 50432 50432 50432 50432 50432 50432 50432 50432 50432 50432 50432 50432 50432 50432 50432 50432 50432 50432 50432
50432 50432 50432 50432 50432 50432 50432 50432 50432 50432 50432 50432 50432 50432 50432 50432 50432 50432 50688 0 0 0 0 0 0 0 0 0 0 0 0 0 0 0 0 0 0 0 0 0 0 0 0 50176 50432 50432 50432 50432 50432 50432 50432 50432 50432 50432 50432 50432 50432 50432 50432 50432 50432 50432 50432 50432 50432 50432 50432 50432 50432 50432 50432 50432 50432 50432 50432 50432 50432 50432 50432 50432 50432 50432 50432 50432 50432 50432 50432 50432 50432 50432 50432 50432 50432 50432 50432 50688 0 0 0 0 0 0 0 0 0 0 0 0 0 0 0 50176 50432 50432 50432 50432 50688 0 0 0 0 0 0 0 0 0 0 0 0 0 0 0 50176 50432 50432 50432 50432 50432 50432 50432 50432 50432 50432 50432 50432 48384 54272 54272 54272 54272 54272 54272 54272 54272 54272 54272 54272 54272 54272 54272 54272 54272 54272 54272 48640 48384 54272 54272 54272 54272 54272 54272 54272 54272 54272 54272 54272 54272 54272 54272 54272 54272 54272 54272 54272 54272 54272 54272 54272 54272
54272 54272 54272 54272 54272 54272 54272 54272 54272 54272 54272 54272 54272 54272 54272 54272 54272 54272 54528 0 0 0 0 0 0 0 0 0 0 0 0 0 0 0 0 0 0 0 0 0 0 0 0 50176 50432 50432 50432 50432 50432 50432 50432 50432 50432 50432 50432 50432 50432 50432 50432 50432 50432 50432 50432 50432 50432 50432 50432 50432 50432 50432 50432 50432 50432 50432 50432 50432 50432 50432 50432 50432 50432 50432 50432 50432 50432 50432 50432 50432 50432 50432 50432 50432 50432 50432 50432 50688 0 0 0 0 0 0 0 0 0 0 0 0 0 0 0 50176 50432 50432 50432 50432 50688 0 0 0 0 0 0 0 0 0 0 0 0 0 0 0 50176 50432 50432 50432 50432 50432 50432 50432 50432 50432 50432 50432 50432 50688 0 0 0 0 0 0 0 0 0 0 0 0 0 0 0 0 0 0 50176 50688 0 0 0 0 0 0 0 0 0 0 0 0 0 0 0 0 0 0 0 0 0 0 0 0
0 0 0 0 0 0 0 0 0 0 0 0 0 0 0 0 0 0 0 0 0 0 0 0 0 0 0 0 0 0 0 0 0 0 0 0 0 0 0 0 0 0 0 50176 50432 50432 50432 50432 50432 50432 50432 50432 50432 50432 50432 50432 50432 50432 50432 50432 50432 50432 50432 50432 50432 50432 50432 50432 50432 50432 50432 50432 50432 50432 50432 50432 50432 50432 50432 50432 50432 50432 50432 50432 50432 50432 50432 50432 50432 50432 50432 50432 50432 50432 50432 50688 0 0 0 0 0 0 0 0 0 0 0 0 0 0 0 54016 54272 54272 54272 54272 54528 0 0 0 0 0 0 0 0 0 0 0 0 0 0 0 50176 50432 50432 50432 50432 50432 50432 50432 50432 50432 50432 50432 50432 50688 0 0 0 0 0 0 0 0 0 0 0 0 0 0 0 0 0 0 50176 50688 0 0 0 0 0 0 0 0 0 0 0 0 0 0 0 0 0 0 0 0 0 0 0 0
0 0 0 0 0 0 0 0 0 0 0 0 0 0 0 0 0 0 0 0 0 0 0 0 0 0 0 0 0 0 0 0 0 0 0 0 0 0 0 0 0 0 0 54016 54272 54272 54272 54272 54272 54272 54272 54272 54272 54272 54272 54272 54272 54272 54272 54272 54272 54272 54272 54272 54272 54272 54272 54272 54272 54272 54272 54272 54272 54272 54272 54272 54272 54272 54272 54272 54272 54272 54272 54272 54272 54272 54272 54272 54272 54272 54272 54272 54272 54272 54272 54528 0 0 0 0 0 0 0 0 0 0 0 0 0 0 0 0 0 0 0 0 0 0 0 0 0 0 0 0 0 0 0 0 0 0 0 0 54016 54272 54272 54272 54272 54272 54272 54272 54272 54272 54272 54272 54272 54528 0 0 0 0 0 0 0 0 0 0 0 0 0 0 0 0 0 0 54016 54528 0 0 0 0 0 0 0 0 0 0 0 0 0 0 0 0 0 0 0 0 0 0 0 0
0 0 0 0 0 0 0 0 0 0 0 0 0 0 0 0 0 0 0 0 0 0 0 0 0 0 0 0 47104 46592 47360 0 0 0 0 0 0 0 0 0 0 0 0 0 0 0 0 0 0 0 0 0 0 0 0 0 0 0 0 0 0 0 0 0 0 0 0 0 0 0 0 0 0 0 0 0 0 0 0 0 0 0 0 0 0 0 0 0 0 0 0 0 0 0 0 0 0 0 0 0 0 0 0 0 0 0 0 0 0 0 0 0 0 0 0 0 0 0 0 0 0 0 0 0 0 0 0 0 0 0 0 0 0 0 0 0 0 0 0 0 0 0 0 0 0 0 0 0 0 0 0 0 0 0 0 0 0 0 0 0 0 0 0 0 0 0 0 0 0 0 0 0 0 0 0 0 0 0 0 0 0 0 0 0 0 0 0 0 0 0
0 0 0 0 0 0 0 0 0 0 0 0 0 0 0 0 0 0 0 0 0 0 0 0 0 0 0 0 54784 54272 55040 0 0 0 0 0 0 0 0 0 0 0 0 0 0 0 0 0 0 0 0 0 0 0 0 0 0 0 0 0 0 0 0 0 0 0 0 0 0 0 0 0 0 0 0 0 0 0 0 0 0 0 0 0 0 0 0 0 0 0 0 0 0 0 0 0 0 0 0 0 0 0 0 0 0 0 0 0 0 0 0 0 0 0 0 0 0 0 0 0 0 0 0 0 0 0 0 0 0 0 0 0 0 0 0 0 0 0 0 0 0 0 0 0 0 0 0 0 0 0 0 0 0 0 0 0 0 0 0 0 0 0 0 0 0 0 0 0 0 0 0 0 0 0 0 0 0 0 0 0 0 0 0 0 0 0 0 0 0 0
46592 46592 46592 46848 0 0 0 0 0 0 0 0 0 0 0 0 0 0 0 0 0 0 0 0 0 0 0 0 0 0 0 0 0 0 0 0 0 0 0 0 0 0 0 0 0 0 0 0 0 0 0 0 0 0 0 0 0 0 0 0 0 0 0 0 0 0 0 0 0 0 0 0 0 0 0 0 0 0 0 0 0 0 0 0 0 0 0 0 0 0 0 0 0 0 0 0 0 0 0 0 0 0 0 0 0 0 0 0 0 0 0 0 0 0 0 0 0 0 0 0 0 0 0 0 0 0 0 0 0 0 0 0 0 0 0 0 0 0 0 0 0 0 0 0 0 0 0 0 0 0 0 0 0 0 0 0 0 0 0 0 0 0 0 0 0 0 0 0 0 0 0 0 0 0 0 0 0 0 0 0 0 0 0 0 0 0 0 0 0 0
50432 50432 50432 52224 46848 0 0 0 0 0 0 0 0 0 0 0 0 0 0 0 0 0 47104 46592 47360 0 0 0 0 0 0 0 0 0 47104 46592 47360 0 0 0 0 0 0 0 0 0 46336 46592 46592 46592 46592 46592 46592 46592 46592 46592 46592 46592 46592 46592 46592 46592 46592 46592 46592 46592 46592 46592 46592 46592 46592 46592 46592 46592 46592 46592 46592 46592 46592 46592 46592 46592 46592 46592 46592 46592 46592 46848 0 0 0 0 0 0 0 0 0 0 0 0 0 0 0 0 0 0 0 0 0 0 0 0 0 0 0 0 0 0 0 0 0 0 0 0 0 0 0 0 0 0 0 0 0 0 0 0 0 0 0 0 0 0 0 0 0 0 0 0 0 0 0 0 0 0 0 0 0 0 0 0 0 0 0 0 0 0 0 0 0 0 0 0 0 0 0 0 0 0 0 0 0 0 0 0 0 0 0 0 0 0
50432 50432 50432 50432 52224 46848 0 0 0 0 0 0 0 0 0 0 0 0 0 0 0 0 54784 54272 55040 0 0 0 0 0 0 0 0 0 54784 54272 55040 0 0 0 0 0 0 0 0 0 54016 54272 54272 54272 54272 54272 54272 54272 54272 54272 54272 54272 54272 54272 54272 54272 54272 54272 54272 54272 54272 54272 54272 54272 54272 54272 54272 54272 54272 54272 54272 54272 54272 54272 54272 54272 54272 54272 54272 54272 54272 54528 0 0 0 0 0 0 0 0 0 0 0 0 0 0 0 0 0 0 0 0 0 0 0 0 0 0 0 0 0 0 0 0 0 0 0 0 0 0 0 0 0 0 0 0 0 0 0 0 0 0 0 0 0 0 0 0 0 0 0 0 0 0 0 0 0 0 0 0 0 0 0 0 0 0 0 46336 46592 46848 0 0 0 0 0 0 0 0 0 0 0 0 0 0 0 0 0 0 0 0 0 0 0 0
50432 50432 50432 50432 50432 52224 46592 46592 46592 46592 46592 46592 46592 46592 46592 46592 46592 46592 46848 0 0 0 0 0 0 0 0 0 0 0 0 0 0 0 0 0 0 0 0 0 46336 46592 46848 0 0 0 0 0 0 0 0 0 0 0 0 0 0 0 0 0 0 0 0 0 0 0 0 0 0 0 0 0 0 0 0 0 0 0 0 0 0 0 0 0 0 0 0 0 0 0 0 0 0 46336 46592 46592 46848 0 0 0 0 0 0 0 0 0 0 0 0 0 46336 46592 46592 46592 46592 46592 46848 0 0 0 0 0 0 0 46336 46848 0 0 46336 46848 0 0 46336 46592 46592 46592 46592 46848 0 0 46336 46848 0 0 46336 46848 0 0 0 0 0 0 0 0 0 0 0 0 0 0 0 0 0 50176 50432 50688 0 0 0 0 0 0 0 0 0 0 0 0 0 0 0 0 0 0 0 0 0 0 0 0
50432 50432 50432 50432 50432 50432 50432 50432 50432 50432 50432 50432 50432 50432 50432 50432 50432 50432 50688 0 0 0 0 0 0 0 0 0 0 0 0 0 0 0 0 0 0 0 0 0 50176 50432 50688 0 0 0 0 0 0 0 0 0 0 0 0 0 0 0 0 0 0 0 0 0 0 0 0 0 0 0 0 0 0 0 0 0 0 0 0 0 0 0 0 0 0 0 0 0 0 0 0 0 0 50176 50432 50432 50688 0 0 0 0 0 0 0 0 0 0 0 0 0 50176 50432 50432 50432 50432 50432 50688 0 0 0 0 0 0 0 50176 50688 0 0 50176 50688 0 0 50176 50432 50432 50432 50432 50688 0 0 50176 50688 0 0 50176 50688 0 0 0 0 0 0 0 0 0 0 0 0 0 0 0 0 0 50176 50432 50688 0 0 0 0 0 0 0 0 0 0 0 0 0 0 0 0 0 0 0 0 0 0 0 0
50432 50432 50432 50432 50432 50432 50432 50432 50432 50432 50432 50432 50432 50432 50432 50432 50432 50432 50688 0 0 0 0 0 0 0 0 0 0 0 0 0 0 0 0 0 0 0 0 0 50176 50432 50688 0 0 0 0 0 0 0 0 0 0 0 0 0 0 0 0 0 0 0 0 0 0 0 0 0 0 0 0 0 0 0 0 0 0 0 0 0 0 0 0 0 0 0 0 0 0 0 0 0 0 50176 50432 50432 50688 0 0 0 0 0 0 0 0 0 0 0 0 0 50176 50432 50432 50432 50432 50432 50688 0 0 0 0 0 0 0 50176 50688 0 0 50176 50688 0 0 50176 50432 50432 50432 50432 50688 0 0 50176 50688 0 0 50176 50688 0 0 0 0 0 0 0 0 0 0 0 0 0 0 0 0 0 50176 50432 50688 0 0 0 0 0 0 0 0 0 0 0 0 0 0 0 0 0 0 0 0 0 0 0 0
50432 50432 50432 50432 50432 50432 50432 50432 50432 50432 50432 50432 50432 50432 50432 50432 50432 50432 50688 10752 11008 11264 11520 10752 11008 11264 11520 10752 11008 11264 11520 10752 11008 11264 11520 10752 11008 11264 11520 10752 50176 50432 52224 46592 46592 46592 46592 46592 46592 46592 46592 46592 46592 50432 46592 46592 46592 46592 46592 46592 46592 46592 46592 46592 46592 46592 46592 50432 46592 46592 46592 46592 46592 46592 46592 46592 46592 46592 46592 46592 50432 46592 46592 46592 46592 46592 46592 46592 46592 46592 46592 46592 46592 52480 50432 50432 50688 0 0 0 0 0 0 0 0 0 0 0 0 0 50176 50432 50432 50432 50432 50432 52224 46592 46592 46592 46592 46592 46592 46592 52480 50688 10752 11008 50176 50688 11264 11520 50176 50432 50432 50432 50432 52224 46592 46592 52480 52224 46592 46592 52480 50688 10752 11008 11264 11520 10752 11008 11264 11520 10752 11008 11264 11520 10752 11008 11264 11520 10752 50176 50432 52224 46592 46592 46592 46592 46592 46592 46592 46592 46592 46592 46592 46592 46592 46592 46592 46592 46592 46592 46592 46592 46592 46592 46592 46592
50432 50432 50432 50432 50432 50432 50432 50432 50432 50432 50432 50432 50432 50432 50432 50432 50432 50432 50688 15104 15104 15104 15104 15104 15104 15104 15104 15104 15104 15104 15104 15104 15104 15104 15104 15104 15104 15104 15104 15104 50176 50432 50432 50432 50432 50432 50432 50432 50432 50432 50432 50432 50432 50432 50432 50432 50432 50432 50432 50432 50432 50432 50432 50432 50432 50432 50432 50432 50432 50432 50432 50432 50432 50432 50432 50432 50432 50432 50432 50432 50432 50432 50432 50432 50432 50432 50432 50432 50432 50432 50432 50432 50432 50432 50432 50432 50688 0 0 0 0 0 0 0 0 0 0 0 0 0 50176 50432 50432 50432 50432 50432 50432 50432 50432 50432 50432 50432 50432 50432 50432 50688 15104 15104 50176 50688 15104 15104 50176 50432 50432 50432 50432 50432 50432 50432 50432 50432 50432 50432 50432 50688 15104 15104 15104 15104 15104 15104 15104 15104 15104 15104 15104 15104 15104 15104 15104 15104 15104 50176 50432 50432 50432 50432 50432 50432 50432 50432 50432 50432 50432 50432 50432 50432 50432 50432 50432 50432 50432 50432 50432 50432 50432 50432 50432 50432
